{
 "cells": [
  {
   "cell_type": "code",
   "execution_count": 14,
   "id": "7d3a99ad",
   "metadata": {
    "scrolled": false
   },
   "outputs": [
    {
     "name": "stdout",
     "output_type": "stream",
     "text": [
      "A*A^(-1)=\n",
      " [[ 1. -0. -0. -0. -0.]\n",
      " [ 0.  1.  0.  0.  0.]\n",
      " [-0.  0.  1. -0.  0.]\n",
      " [-0. -0.  0.  1. -0.]\n",
      " [ 0.  0.  0.  0.  1.]]\n",
      "Macierz odwrotna liczona ręcznie:\n",
      " [[ 1.33333333e-02  1.36666667e-01  3.33333333e-02 -1.66666667e-02\n",
      "  -1.00000000e-01]\n",
      " [-2.00000000e-01  2.00000000e-01 -1.24900090e-16 -2.77555756e-17\n",
      "   2.28983499e-16]\n",
      " [ 4.66666667e-01 -4.66666667e-01 -3.33333333e-01  8.32667268e-17\n",
      "   3.33333333e-01]\n",
      " [-1.20000000e-01  1.45000000e-01  4.50000000e-01 -5.83333333e-02\n",
      "  -1.83333333e-01]\n",
      " [-5.33333333e-01  2.83333333e-01  1.66666667e-01  2.50000000e-01\n",
      "  -1.66666667e-01]]\n",
      "Macierz odwrotna liczona za pomocą np:\n",
      " [[ 1.33333333e-02  1.36666667e-01  3.33333333e-02 -1.66666667e-02\n",
      "  -1.00000000e-01]\n",
      " [-2.00000000e-01  2.00000000e-01  2.50191104e-17 -2.77555756e-18\n",
      "   0.00000000e+00]\n",
      " [ 4.66666667e-01 -4.66666667e-01 -3.33333333e-01  4.47874061e-18\n",
      "   3.33333333e-01]\n",
      " [-1.20000000e-01  1.45000000e-01  4.50000000e-01 -5.83333333e-02\n",
      "  -1.83333333e-01]\n",
      " [-5.33333333e-01  2.83333333e-01  1.66666667e-01  2.50000000e-01\n",
      "  -1.66666667e-01]]\n"
     ]
    }
   ],
   "source": [
    "# zad 1\n",
    "\n",
    "import numpy as np\n",
    "\n",
    "A = np.array([[8, 1, 4, 2, 1],\n",
    "             [8, 6, 4, 2, 1],\n",
    "             [1, 2, 3, 4, 1],\n",
    "             [8, 0, 6, 2, 5],\n",
    "             [1, 9, 6, 4, 1]])\n",
    "\n",
    "def inv(A):\n",
    "    # tworzymy macierz jednostkową na bazie macierzy A\n",
    "    id = np.eye(len(A))\n",
    "    # wyznaczamy macierz rozszerzoną, będącą połączeniem macierzy A oraz odpowiadającej jej macierzy jednostkowej\n",
    "    cA = np.concatenate((A, id), axis=1) \n",
    "    # przechodzimy przez wiersze macierzy                                     \n",
    "    for x in range(len(A)): \n",
    "        # tworzymy zmienną odpowiedzialną za kolumny\n",
    "        y = 1\n",
    "        # wyznaczamy wartość przekątnej\n",
    "        diag = cA[x][x] \n",
    "        # szukamy niezerowego współczynnika\n",
    "        while x + y < len(A):\n",
    "            # zamieniamy wiersze\n",
    "            cA[[x, x + y]] = cA[[x + y, x]]\n",
    "            # wyznaczanmy nowy współczynnik przekątnej\n",
    "            diag = cA[x][x] \n",
    "            y += 1\n",
    "        # bierzemy rząd i dzielimy w celu otrzymania 1 na przekątnej \n",
    "        cA[x] /= diag\n",
    "        # przechodzimy przez rzędy omijając przekątną\n",
    "        for y in [k for k in range(len(A)) if k != x]: \n",
    "            # odejmujemy obecny rząd od pozostałych\n",
    "            cA[y] -= cA[x] * cA[y][x] \n",
    "    # zwracamy macierz odwrotna pozbywając się przeksztalconej macierzy jednostkowej\n",
    "    return cA[:, len(A):] \n",
    "\n",
    "print(\"A*A^(-1)=\\n\", np.around(((inv(A)@A)),decimals=0))\n",
    "print(\"Macierz odwrotna liczona ręcznie:\\n\", inv(A))\n",
    "print(\"Macierz odwrotna liczona za pomocą np:\\n\", np.linalg.inv(A))"
   ]
  },
  {
   "cell_type": "code",
   "execution_count": 13,
   "id": "b3f0ea1d",
   "metadata": {},
   "outputs": [
    {
     "name": "stdout",
     "output_type": "stream",
     "text": [
      "Macierz odwrotna wlasna:\n",
      " [[0.125      0.         0.         0.         0.        ]\n",
      " [0.         0.16666667 0.         0.         0.        ]\n",
      " [0.         0.         0.33333333 0.         0.        ]\n",
      " [0.         0.         0.         0.5        0.        ]\n",
      " [0.         0.         0.         0.         1.        ]]\n",
      "a se przemnoze v2\n",
      " [[1.         0.125      0.5        0.25       0.125     ]\n",
      " [1.33333333 1.         0.66666667 0.33333333 0.16666667]\n",
      " [0.33333333 0.66666667 1.         1.33333333 0.33333333]\n",
      " [4.         0.         3.         1.         2.5       ]\n",
      " [1.         9.         6.         4.         1.        ]]\n",
      "Macierz odwrotna z np:\n",
      " [[ 1.33333333e-02  1.36666667e-01  3.33333333e-02 -1.66666667e-02\n",
      "  -1.00000000e-01]\n",
      " [-2.00000000e-01  2.00000000e-01  2.50191104e-17 -2.77555756e-18\n",
      "   0.00000000e+00]\n",
      " [ 4.66666667e-01 -4.66666667e-01 -3.33333333e-01  4.47874061e-18\n",
      "   3.33333333e-01]\n",
      " [-1.20000000e-01  1.45000000e-01  4.50000000e-01 -5.83333333e-02\n",
      "  -1.83333333e-01]\n",
      " [-5.33333333e-01  2.83333333e-01  1.66666667e-01  2.50000000e-01\n",
      "  -1.66666667e-01]]\n"
     ]
    }
   ],
   "source": [
    "# zad 1 zle\n",
    "\n",
    "import numpy as np\n",
    "\n",
    "A = np.array([[8, 1, 4, 2, 1],\n",
    "             [8, 6, 4, 2, 1],\n",
    "             [1, 2, 3, 4, 1],\n",
    "             [8, 0, 6, 2, 5],\n",
    "             [1, 9, 6, 4, 1]])\n",
    "\n",
    "def inv(A):\n",
    "    id = np.eye(len(A))\n",
    "    cid = id.copy().astype('float')\n",
    "    cA = A.copy().astype('float')\n",
    "    for x in range(len(A)):\n",
    "        val = 1/A[x][x]\n",
    "        for y in range(len(A[0])):\n",
    "            cA[x][y] *= val\n",
    "            cid[x][y] *= val\n",
    "        for k in range(len(A)):\n",
    "            temp = cA[k][x]\n",
    "            for j in range(len(A[0])):\n",
    "                if k!=j:\n",
    "                    cA[k][j] -=  temp * cA[x][j]\n",
    "                    cid[k][j] -=  temp * cid[x][j]\n",
    "                    \n",
    "            \n",
    "\n",
    "                \n",
    "#     print(\"macierz ktora powinna byc jednostkowa:\\n\",cA)\n",
    "    return cid\n",
    "\n",
    "\n",
    "print(\"Macierz odwrotna wlasna:\\n\", inv(A))\n",
    "print(\"a se przemnoze v2\\n\", inv(A)@A)\n",
    "print(\"Macierz odwrotna z np:\\n\", np.linalg.inv(A))"
   ]
  },
  {
   "cell_type": "code",
   "execution_count": null,
   "id": "6fe1a556",
   "metadata": {},
   "outputs": [],
   "source": []
  }
 ],
 "metadata": {
  "kernelspec": {
   "display_name": "Python 3 (ipykernel)",
   "language": "python",
   "name": "python3"
  },
  "language_info": {
   "codemirror_mode": {
    "name": "ipython",
    "version": 3
   },
   "file_extension": ".py",
   "mimetype": "text/x-python",
   "name": "python",
   "nbconvert_exporter": "python",
   "pygments_lexer": "ipython3",
   "version": "3.9.16"
  }
 },
 "nbformat": 4,
 "nbformat_minor": 5
}
